1418152099 4
1418152545 4
1418937338 4
1418937381 11
1418937437 19
1419231691 403
1420356568 1000
1420606742 1173
1420870170 1164
1420870184 1187
1420870509 1200
1420870545 1200
1420870585 1200
1420870604 1200
1420950396 1430
1421874362 1684
1422397625 1687
1422421815 2270
1422422165 2251
1422422213 2251
1422422327 2263
1422422364 2263
1422422385 2263
1422422443 2264
1422422488 2265
1422479603 2265
1422518604 2293
1422566980 2287
1422568935 2289
1422568967 2289
1425414419 2349
1425951391 2723
1425969318 2743
1425970479 2647
1426136782 2983
1426136797 2986
1426136915 2987
1426360879 2954
1426644767 2982
1426659702 3102
1426659926 2977
1426665549 3284
